2.887101801064336559e+00 9.989890913992900412e-01
-2.395535359791014951e+00 -1.134274122109971250e+00
-6.694146360693391529e+00 -3.494417551290521118e+00
-8.682016808062888558e+00 -3.014237159205048311e+00
1.463582598734018969e+00 -3.228901769587233517e-03
8.347442122775579065e+00 1.279577534627373891e+00
-5.847516878833217469e+00 -1.348172478524016338e+00
-5.740546153394165074e+00 -1.428872466861519364e-01
1.680765445726771223e-01 3.719907097004313545e-01
-4.513935390778239132e+00 -1.104298316674816149e+00
-5.095445604194901001e+00 -2.714044203128551658e+00
1.099133885219146123e+00 2.347898748926068868e-01
9.812548760333108078e+00 4.764221548908317949e+00
-3.407229424531759143e+00 -4.631148677816844250e-01
3.448582066839914528e+00 1.412764654187005586e+00
-3.862570751342681574e-01 2.139769016649256117e-01
7.429196557936094791e+00 2.040475890049495256e+00
6.599893736853051918e-01 1.407189706804550522e-01
3.479707892591070273e+00 2.363423045785978394e-01
-7.618527517059095366e+00 -2.873559894834233130e+00
9.906516750944184935e+00 3.708754506838054965e+00
1.674696658137189709e-01 1.527920250106693523e+00
-8.464774672593744498e+00 -3.620077985282161848e+00
-8.965615510699061375e+00 -3.158144165476958420e+00
7.258333666225118108e+00 1.979648438709722846e+00
7.380314589980847551e+00 3.012472079333189168e+00
4.246260538560065356e+00 1.069932349721669063e+00
-4.395959423643135189e+00 -2.495930622993521197e+00
7.658628479230926267e+00 4.675438073557802277e+00
-8.354558739675461254e+00 -3.046459685288213759e+00
8.255944575594442725e-01 1.157974652300745699e+00
7.032817453482819836e+00 1.149508935740477966e+00
-9.341056687515289170e+00 -3.761001338494807555e+00
7.137404613299392686e+00 3.779140202267619042e-01
-7.159716220522954089e+00 -2.535511876087323202e+00
6.614810867431363484e+00 1.591884822041922831e+00
3.002709376880389414e+00 3.376597295152817813e-01
4.913509912497891818e+00 2.512167564634774308e+00
6.467057160162045903e+00 4.392430731012124667e-01
-2.147174915321085731e+00 -9.813651065721809008e-01
4.595330772990117829e+00 3.344232021318694681e+00
8.912345786898256961e+00 2.557807484966607703e+00
-2.357807493747234417e+00 -1.212812068143449551e+00
-9.133566486671549356e+00 -3.336258922785984904e+00
6.774762405372396046e+00 4.276126562888948879e-01
-5.091214438149202159e+00 -1.400113220351282273e+00
-3.657832394280599253e+00 -1.288238699735696713e+00
8.839656393057781614e+00 2.039374010093236489e+00
4.810467361183826895e+00 1.778440915577196746e+00
-8.015123241142385169e+00 -3.674916476941890497e+00
8.017460337658501857e+00 2.771162663471532728e+00
-9.922326922288975837e+00 -2.726887559843767406e+00
-2.765659844656330080e+00 -1.628640322322710832e-01
2.158319704535481609e+00 2.530863590378849559e-01
-6.532265480562455373e+00 -2.220067550425373515e+00
-1.257546569077967913e+00 4.628286225803084908e-01
-5.502976020960717030e+00 -1.729434062722485566e+00
6.816052260557106557e+00 3.634478936623952272e+00
-1.268947833895306410e+00 9.312356434091412227e-02
8.206799088132143538e+00 3.918775662647102198e+00
-7.969909085202273591e-01 -9.663675661318219534e-01
5.117533732407175684e+00 1.760239548980361279e+00
2.442928093750019958e+00 8.936180158121986850e-01
1.002820928496670483e+00 4.968492799382200342e-01
2.662282811122580028e+00 -8.295228341505659353e-01
-9.631779150233192865e+00 -1.969922995709019187e+00
-2.861392673625273275e+00 -3.950775695403635490e-01
8.731665418532106315e+00 3.525518025504226216e+00
-4.439530360111294094e+00 -2.666997931121986909e+00
5.923887328346740810e-01 -1.142369938541036412e+00
5.240264673871640078e+00 2.784573667436119671e+00
-4.052968020075688571e+00 -8.291071499227468111e-01
-7.335686221488193937e+00 -2.208297685239103192e+00
1.485744326533997128e+00 1.540700081868521476e+00
5.473297048861615721e+00 2.338772351549256889e+00
8.223302485302907527e+00 3.776868902679455964e+00
-5.512076692349683782e+00 -1.043651517322369937e+00
-2.744014153877365914e+00 -2.027441113790364291e+00
2.760244237384102739e+00 1.673391829278501941e+00
8.505202599233093963e+00 4.992433315969381447e+00
1.961654691604844736e+00 1.671797748090361413e+00
-7.035338574964835168e+00 -2.686279676876538680e+00
-1.215225580209280398e+00 -1.579120328973395271e+00
2.313495139442893755e-01 -6.738086597416190204e-03
-1.857867889896229752e+00 -1.931455711359626459e+00
2.013942264242500890e+00 -1.576587734647604266e-01
-5.989004262055019012e+00 -2.682092539584554736e+00
-4.741528895100914021e+00 -1.551913139850365830e+00
5.898200748869430576e+00 3.515415613160370434e+00
-4.554848908101569727e+00 -4.295378148795194750e-01
-4.378197085148701539e+00 -2.588717743146333738e+00
8.986606394741530224e+00 4.755738913820900748e+00
-5.040475534602430585e+00 -2.320054521294255601e+00
7.971124145747266354e+00 3.771256717789138957e+00
1.188887496928805049e-01 2.645584056316527821e-01
9.129160521957876639e+00 1.837492692575766418e+00
-5.251666801873211554e+00 -1.492816831959307144e+00
8.777635920064767561e+00 2.400543654268412652e+00
6.405189117191607551e-01 3.515793738164934568e-01
9.963218788692989492e+00 2.606668350778109211e+00
2.109473289873765367e+00 1.410324134198749579e+00
2.094853531866625929e+00 6.608934487219613185e-01
3.170721424294594470e+00 2.062089352667344055e+00
4.368991676149063252e+00 2.637081988389445630e+00
-4.685549741042914107e+00 -3.103425976067324399e-01
1.614102727653607516e+00 1.468493943590528872e+00
-1.830111396639184429e+00 -1.407451839919650061e+00
-5.470700991800569568e+00 -1.207177062021556946e+00
9.679966984483481696e+00 3.622624139695911794e+00
-4.287602795445413228e+00 -7.335840196858606221e-01
-5.997546555356633391e+00 -1.232930342147766423e+00
-5.805796687392074384e-02 -2.957409469052699191e-01
-6.410523306225601736e+00 -3.103945862970963088e+00
-7.362727872247964100e+00 -4.110233686460876612e+00
-9.290980939844416753e+00 -2.039404315690743541e+00
8.439810581242625176e+00 1.650684527241312205e+00
7.986016974063369744e+00 1.673210331040814847e+00
4.519154051846993703e+00 -1.004437933232555924e-01
9.222330729706602170e+00 5.187023916642859334e+00
9.288331251320654403e+00 2.365140587673714379e+00
8.866562554889018344e+00 1.133691243114687497e+00
2.871980140840213913e+00 1.714949144530372172e-01
-6.473261723173187043e+00 -2.922417243624553684e+00
-3.942439145599651695e+00 -9.655091538267064344e-01
6.690489201083180681e-01 8.953429239650467775e-02
2.208781681781302630e+00 1.314129791554363713e-01
4.485305012354699805e+00 1.350682483003761369e+00
-4.725892569265840670e+00 -8.923523815868363851e-01
-1.920439731776081516e+00 -2.066288335872906057e+00
3.038696873112026964e+00 2.041622282788337017e+00
1.467197058735375759e+00 3.023301796965760513e-02
1.637052042873263114e+00 1.550955704021245829e+00
-9.810655909006145592e+00 -2.935298708318248906e+00
5.566072850421001306e+00 1.323480634561869040e+00
-3.880995361416617051e-04 -1.281670416966401438e-01
-3.592078569691842027e+00 -2.334212544332025630e+00
2.454023321313920203e+00 -4.055756240088788100e-01
-9.026163649290904090e+00 -4.210124051838196380e+00
-4.350075909559159903e+00 -2.375481482636605968e+00
5.803019394830561062e+00 2.912928032091419261e+00
-1.639411812881799824e+00 4.355615095042648655e-01
4.898861888018975819e+00 2.959547521710796936e+00
6.182645794497613423e+00 4.145042588561819841e+00
-5.177485883663746763e-02 -1.666326352517234488e-01
-8.332551443472432595e+00 -4.246266517673624286e+00
8.896008536868901473e+00 2.572506651963021973e+00
2.287981554272760842e+00 7.843354273877195526e-01
-7.640060614493132007e+00 -3.329870850737688848e+00
4.609456863732951604e+00 3.288728119192834143e+00
5.091786998380293916e+00 3.415113307628345751e+00
7.706738409041829385e+00 2.390497208064846557e+00
-1.705918566297747740e-01 -4.390287204405431409e-01
-4.471533618518311215e+00 -2.713279265988560507e+00
5.166249479967354397e+00 1.189026087311937818e+00
6.541106778434812696e+00 2.769968748177835671e+00
5.931536755439991815e+00 2.783513761006275011e+00
-4.880727843540408450e+00 -3.852021784390049497e-01
6.883177683372324829e+00 8.067311960238441326e-01
-2.818012991359608144e+00 -2.113332755419700781e+00
1.601320335368948466e+00 9.640184153276128987e-01
6.851939130007012047e+00 3.023921073428506467e+00
5.694578025677251354e+00 1.404589361848159967e+00
9.657562650840688434e+00 4.328120853133338386e+00
-5.857686200387290043e+00 -1.834826717510620320e+00
4.991222922297366971e+00 1.685869075278234819e+00
-2.415781613853212884e-01 8.080753002305863797e-01
2.460612579182042570e+00 -9.196179952410159508e-01
5.695001575127709437e+00 1.068341853599446889e+00
-2.811868750417098717e+00 6.363326181399117099e-01
-1.686747746329599895e+00 -1.597824830428611342e+00
-3.860482370952597275e+00 -5.667360484576328128e-01
3.449906005391887298e+00 2.070235992649137380e+00
-4.215674598376691340e-01 1.408411219407528003e+00
5.635890778660244571e+00 9.070735439429835623e-01
-7.828827191033473909e+00 -1.557379911602490230e+00
1.586977304316308235e-01 4.419473395082826328e-01
3.972365298890884411e+00 2.164719992356320954e-01
-9.827085693623663687e+00 -3.527012014179201405e+00
-2.147371044693448194e+00 -9.308039580281980419e-01
-8.294214000490751637e-01 -1.351441564092632941e+00
-9.806041109005951384e+00 3.281772564623430810e-02
-9.805832403702814670e-02 -7.328083538143009612e+00
-7.171302477629179606e+00 -5.633500604806976675e+00
-1.643360576510900506e+00 -5.042650749057358439e+00
-6.677997256073521015e+00 7.566507593324640624e+00
9.005756445814379063e+00 -9.229706600682144213e+00
9.432314742096804538e-01 4.043874364032564728e+00
-2.283980794426642369e+00 3.884099437960623291e+00
6.483885103291013863e+00 -6.913046099832236280e-01
8.796964003813171118e+00 6.070121282917813943e+00
9.653660777766701173e+00 -6.611948965653199117e+00
4.081700424759963641e-01 8.905674222196271472e+00
2.977285076489573967e+00 7.211964347185393365e+00
9.403396055084554561e+00 -6.293840378639327326e+00
-5.151210680451780100e+00 7.463342744693953534e+00
8.112021351750202669e+00 5.160885618604435621e+00
7.394641741810671576e+00 -6.257501176100110030e+00
3.739957677133553204e+00 4.065909358699220988e+00
8.490477358702198885e+00 -9.215577763843199932e+00
-7.795709373060101255e-01 -8.943485627620681555e+00
-9.242105723472784362e+00 -6.614045833171003252e+00
5.877433552850837017e+00 -6.752553186126924345e+00
-3.235550836639083383e-01 3.950053585147010438e+00
6.009604447193767740e+00 -4.669186575889715307e+00
8.175999998445055539e+00 -9.547335117935004334e+00
-2.511068936804472074e+00 -6.012007544364047718e+00
-5.728404929021201575e+00 -5.671879862791298521e+00
-5.367381641789977564e+00 4.577038295199709950e+00
-1.695150846424105628e+00 1.673289442947449857e+00
-3.960911353519819045e+00 9.411289778940577833e+00
-5.516671944253866755e+00 -7.229290978235086484e+00
-6.350469513655539799e+00 -7.818463814034547710e+00
7.779863117485278368e-01 -4.218688486363665113e+00
-7.952443149797482569e+00 -1.926431538422281875e-01
2.628309507929152744e+00 -9.245289778789576474e+00
-1.136577788476584791e-02 -8.333805518739634266e+00
5.812840508167568032e+00 5.156046381126884626e+00
-4.768059770660912022e+00 -7.987502296424107584e+00
8.330329936488718445e+00 3.445307180480678966e-01
-7.342730668251277848e+00 -7.753811836461409257e+00
-4.793192523769390867e+00 1.511836239068736987e+00
-3.736472051161502606e+00 5.827789588806290055e+00
-1.517098186607730992e-01 9.298489551872389569e+00
3.927147032231170232e-01 8.055757792616848434e+00
-5.017432974673611490e+00 4.250719463502683482e-01
7.956617932702807039e+00 -9.493292050681384708e+00
1.013894810801351659e-01 6.256755497236738961e+00
-8.549639762103348417e+00 6.719465897566365697e+00
6.071188520856642512e+00 -1.878248700267223015e+00
-9.284499220276606124e+00 5.340408021722977239e+00
3.565027193892088775e+00 8.373903647819808782e+00
1.190188259321191433e+00 9.349705077186239777e+00
4.604112042219384193e+00 4.022724001357694590e+00
4.493454250605088518e+00 7.874180764009171440e+00
4.319457561149517844e+00 3.638381286099512835e+00
-3.959546424144779309e+00 6.570949927662947943e+00
-5.119133233192966870e+00 4.070939742521076710e+00
7.042406301527944779e-01 -2.388483742358281425e+00
-6.441165483542902415e+00 7.711957971332576989e+00
-8.408854317024212932e+00 6.067098824181755390e+00
3.267462002108013408e+00 -4.351348871415209096e+00
7.217971312010076801e+00 -6.435082999473809906e+00
9.036698883463463616e+00 7.060478490995610201e+00
7.956617932702807039e+00 -9.493292050681384708e+00
4.680912633546681079e+00 -2.878484570829385802e+00
1.275548466829674377e+00 -9.095284154271489285e+00
2.795301925272712040e+00 3.619453498828070437e+00
-2.100774684510319901e+00 -7.271213910564043204e+00
-1.684369143528309243e+00 4.764582565799285518e+00
1.672628528418082405e+00 7.663990404370842668e+00
1.561468039691796372e+00 -6.445264911490077075e+00
1.821509674632894482e+00 -8.927119243801270088e+00
4.854738470823173557e+00 -5.983920887754120344e+00
8.079982662721123532e+00 -5.333165125053245248e-01
-1.180460503501407521e+00 -7.283080075214548366e+00
6.140387764295995865e+00 8.335901032305404357e+00
4.118831110475621671e+00 4.891597907820656843e+00
4.278378994103595900e+00 -7.145423635823538788e+00
3.313634770419241704e+00 8.202473746773151220e+00
-9.365025009469412964e+00 -6.308386620718236415e+00
5.233517501047662890e+00 -9.167339122353389769e+00
-4.433794726115857898e+00 7.154534158343228256e+00
-2.632724257359507547e+00 7.975163389731868335e+00
-7.826056332979792529e+00 6.287818106463483048e+00
7.956617932702807039e+00 -9.493292050681384708e+00
8.656184657059226240e+00 -6.342530332313135233e+00
-3.789552849799012968e+00 3.489406748141320236e+00
-8.431503343194000522e+00 -9.350194231305742676e+00
-4.976387005903674776e+00 -5.951971471218271859e+00
5.536986074598244656e+00 -7.212817125954774866e+00
-9.894500674224867565e-01 -7.554221633110261180e+00
6.312193843508469016e+00 6.865124458203382574e+00
-7.718023039685463438e+00 4.414960065736813988e+00
8.452785452976145919e+00 -2.284055474274705233e+00
7.956617932702807039e+00 -9.493292050681384708e+00
5.528731928702436349e+00 8.473039974881537262e+00
-9.283141732094492227e+00 -6.020839019788907009e+00
-9.789367260088651435e+00 -9.026683450539906062e+00
2.973327943674124896e+00 -4.230203426413062573e+00
6.874680485421228227e+00 -3.338736751879233466e+00
8.412615711291268283e+00 -7.376940176519096504e+00
9.665755786219297763e-01 -4.115984089872225304e+00
6.109539850062839506e+00 -3.251142039702728859e+00
-5.015890857783295687e+00 4.899987973639333916e+00
4.704876753028448988e+00 -9.800576984009515158e+00
-9.953684795661557061e+00 8.355454237006476603e+00
-3.556022970211970780e+00 -4.077093205420586841e+00
7.956617932702807039e+00 -9.493292050681384708e+00
-4.595001384047497694e+00 -5.090195230006452576e+00
5.493862031236522725e+00 -4.739904518416176771e+00
9.971517100115702137e-01 3.650786406391702599e+00
-1.343459681640196135e-01 -9.456448752686323900e+00
-5.648757421901354547e+00 8.663502278319175076e+00
3.159361561598664991e+00 9.568575687559288667e+00
-2.627243349493825875e+00 5.243133474708329800e+00
-7.747371364677670513e+00 -5.560658413662778798e+00
-8.568273714021469090e+00 1.013819869230854209e-01
-3.111540712285345123e+00 -6.070263183851208666e+00
-2.542026107684584701e+00 -3.493587952670530683e+00
1.209317620204299226e+00 4.988595854992269096e+00
8.370292367494426955e+00 6.548709194745750750e+00
1.061023054089066386e+00 6.491764289340899552e+00
-9.448883117842626689e+00 5.945748967735468682e+00
-6.023750083664968002e+00 3.712145071040117372e+00