-6.589452166144825540e+00 5.982536671005581397e+00
-2.819873674516957696e+00 2.260351089423183968e+00
-8.326999099129228643e-01 1.698536757350353144e+00
2.277324767553976947e+00 -1.862342429031552227e+00
-3.084007857293529664e+00 4.783877470434218182e+00
1.951402681326161570e+00 -7.860575476136901774e-01
-5.986681372630288323e+00 4.236382725406131478e+00
-8.187414244564276800e+00 7.023314137038922489e+00
5.637099954113263145e+00 -4.289881700375375750e+00
8.776470790868449612e+00 -5.290686620269162255e+00
1.110254997840405711e+00 -1.622638462327899100e+00
-9.387862054606722850e+00 7.506240519834393332e+00
2.247758566265570579e+00 1.353080111501914207e-01
1.023760796616601798e-01 -2.214758578652908483e+00
-1.418441361231251197e+00 9.590498991388208827e-01
7.167439395774735544e+00 -5.353147372485408617e+00
-9.958334861304429353e+00 8.190626000377838167e+00
-6.620737847802055320e+00 5.944224797670330851e+00
-3.544081693709880909e+00 3.852799731049565413e+00
-8.443860410383514647e+00 9.026944819433392553e+00
8.625376419906965353e+00 -6.188639143490545003e+00
7.599203200284188497e+00 -8.093053189060301023e+00
7.421950269494807628e+00 -8.341029894127649058e+00
-3.955029834756250029e+00 3.654992609652420565e+00
-1.342043949269729586e+00 1.048050226041752353e-02
-5.614894214612086820e+00 4.817526620285161876e+00
-7.829699467740653951e+00 5.660370831724456764e+00
-8.221478442450257162e+00 7.685663922916468493e+00
-3.970633064327879325e+00 5.570354727992961053e+00
8.594177331753792615e+00 -7.512685941305862869e+00
2.302352283196382299e+00 -1.202815498262141070e+00
9.029523614595794001e+00 -9.842094811585560876e+00
7.734471753909673453e+00 -6.622382895358628119e+00
3.720082807435595718e-01 -4.347416527155937294e-01
2.770171953099549889e+00 -2.588231138316498203e+00
-8.388615882394582002e+00 6.202560335856526663e+00
7.129932504834823881e+00 -7.362690598751448157e+00
-9.067358250277640863e+00 7.880621449630991648e+00
8.135979683135364127e+00 -4.182640625828122793e+00
3.353300892085123053e+00 -4.932533689421645384e+00
7.989261552483032602e+00 -6.029050412402111370e+00
6.112041662788205265e+00 -4.603556964565703069e+00
3.436651959660887989e+00 -1.282956932807285177e+00
1.388002118690982556e+00 -3.066996825760139878e+00
6.603150042822017340e+00 -5.532439731441065156e+00
3.016563246891416750e+00 -4.404221065982988570e+00
-8.745035523754948414e+00 6.712643293024965985e+00
8.645893941894858159e+00 -6.811294857785463286e+00
4.874804429403502226e+00 -1.685264427427616507e+00
-5.465228097308550970e-01 -3.989730155761538888e-01
6.419497984263443868e+00 -6.396861953698287806e+00
-1.328714686752842322e+00 2.277390127548483800e+00
4.141842343658750814e+00 -2.619529509225281938e+00
7.423777750362201999e+00 -7.736657629633699074e+00
-1.117106853609284300e+00 4.797422612945456688e-02
1.204658082713461642e+00 -1.692194926623333151e+00
-3.817012434628061612e+00 2.243422039172056071e+00
4.055110147834216638e-01 -2.334561588032668389e-01
4.934661094422505556e+00 -3.159952218475265973e+00
-9.036716426612004582e+00 7.451559610244205878e+00
-1.846513158233814011e-01 -9.711974912054701647e-01
-4.236232057795460970e-02 4.762880176376890207e-01
7.891604930007765972e+00 -5.835039834887824739e+00
-3.909309922456658981e+00 2.686853232845543449e+00
2.195005739946882528e+00 7.070786523868410889e-02
6.594620907717945180e+00 -6.013092377754712281e+00
2.479246231345507478e+00 -1.289341071120261528e+00
-1.291143784597257316e+00 -7.876323119948482887e-01
1.602986899603591420e+00 -3.526705871661244274e+00
9.497298761081591767e-01 -1.840838508186936617e-01
4.746042045153485489e+00 -3.503838050699484619e+00
-5.066214672803150521e+00 3.750026579977171259e+00
8.001700223798657419e+00 -7.264821494252299061e+00
3.416743021801993851e+00 -1.197573271493573177e+00
6.823233206521374328e+00 -5.600608269772802572e+00
-5.900090818912837598e+00 5.372000566817672684e+00
3.403223163095914217e+00 -5.035323089041636280e+00
-8.000008590509912310e+00 7.624989644002980071e+00
-7.858746604500299604e+00 5.594941741036753236e+00
-8.928686554752204074e+00 6.282503362313053508e+00
3.065147967793425909e+00 -2.869208868434235615e+00
6.316061923781255416e+00 -4.361244848353415193e+00
7.373530365648782947e+00 -5.553535248387419188e+00
-6.401127465244842440e+00 5.899803329105175465e+00
8.672604315085177262e+00 -7.352859733325312952e+00
2.195552553119524131e+00 5.728778252609364463e-01
6.138458387556736895e+00 -5.126511692129788855e+00
-3.193900403796382292e+00 4.333688810112427348e+00
-3.104922544624059810e+00 2.053502777902080467e+00
7.743646916761450782e+00 -6.964032991499967018e+00
-9.977387552267275694e+00 8.832954069269540298e+00
6.548469074798523692e+00 -3.742055265352964621e+00
5.322639844388889152e+00 -3.681692683357566498e+00
-9.041444595022829489e-02 1.136971981630886308e+00
2.173891042133185625e+00 2.079941279675120436e-01
7.995106699538501616e+00 -6.547553241820599723e+00
-1.738671687976558022e+00 3.735522633071983734e+00
8.482239645508203196e+00 -6.676361710673448080e+00
7.681232204530120455e+00 -7.172786303278618547e+00
5.276794474986056471e+00 -6.522432073804916186e+00
-5.167053306476903529e+00 6.228709298541120987e+00
7.075286835569440491e+00 -6.757279482795496506e+00
-6.109303825667561583e+00 3.431503716025232187e+00
-1.731605843057225425e+00 2.613854470027460408e+00
3.483166093230118054e+00 -3.376027909148101802e+00
2.115809585620774147e+00 2.052935091272215518e-01
-6.502024313648196774e+00 4.694605893666448537e+00
-9.622839281245373355e-01 -6.502311515087997318e-01
2.252136167670015787e+00 -9.397634313166827180e-01
-2.724116909000653397e+00 1.471876968286095488e+00
-7.177219327748460387e+00 7.243545844790936883e+00
5.180927024778636536e+00 -3.182160193646364821e+00
5.111418831302311894e+00 -3.119109801108862268e+00
-2.616673237965597032e+00 1.888508024135995944e+00
-8.588108275835924843e+00 8.227055188327399904e+00
-2.428653638568303852e-01 -1.042485349306981224e+00
-7.590689299538307289e+00 5.339777638139389992e+00
-9.697540937231110547e+00 8.536731791596031016e+00
7.791056854806129195e+00 -7.936436708794030181e+00
7.471292758976394666e+00 -6.251584074005798186e+00
-3.748100337117959313e+00 5.454099526713780399e+00
1.319177934829451893e-01 1.660850773139021630e+00
8.530963540640046361e+00 -7.910397236689020062e+00
2.395519559977619561e+00 -3.425397099661322997e+00
-9.847513217201007141e-01 1.771244471215094540e+00
-7.342939872274687474e+00 4.598828563316105011e+00
2.428320948072662855e+00 4.839177355625886578e-01
-7.748048345703125506e+00 5.505448658497702930e+00
-3.392944183030137228e+00 1.558579429950632145e+00
7.386412106946518286e+00 -6.221655154220940176e+00
2.304435228811345659e+00 2.915576219022999460e-01
7.475503861978276099e+00 -4.243412499938990834e+00
-3.182335988800789384e+00 4.333422143600678567e+00
-8.729199001109168021e-01 1.179767751768265871e+00
9.910261612217988514e+00 -9.110782175894344803e+00
7.419253093580788216e-02 1.617134954904416722e-01
-4.662936386705962555e-02 1.506193316016408712e+00
-4.284650356703455287e+00 3.885965491707022323e+00
-8.618709777924124182e+00 7.778218045542405257e+00
-7.431681255995735036e+00 6.018181647669107015e+00
-9.412649457123301033e-02 -2.170032957435322096e+00
5.855545432479348555e+00 -3.438794868125289561e+00
-7.662275203124020884e+00 6.227647311835231569e+00
-6.019260713752806247e+00 5.871129149851534557e+00
3.275967742076548284e+00 -2.611042830136187209e+00
5.713498773230038630e+00 -5.593376035198085461e+00
-1.334939962491903387e+00 1.253966886898922883e+00
8.572423038199087131e+00 -6.330047626473715106e+00
5.535286164603673953e+00 -4.645402825600172037e+00
6.421041334360649167e+00 -5.755446723849223289e+00
4.053738036049069571e+00 -2.862041702283243616e+00
4.999537647966812770e+00 -3.404286305677827862e+00
-2.334946527551536199e+00 1.539669064784914276e+00
8.948433475235045620e+00 -5.793029384387597069e+00
2.825268607304863178e+00 -3.970281811947248496e+00
-7.338527187469760626e+00 6.231992920875941699e+00
-9.805940332729703002e+00 7.441446211792450249e+00
2.204331363578648340e+00 -1.195647005206037283e+00
-2.787029812032564724e+00 2.300571082489936803e+00
-7.856185528553417896e+00 4.808492059650181005e+00
-1.134251654126789299e+00 4.389632500954703254e+00
9.657353956987392962e+00 6.902463525445530212e-01
1.199729902540977861e-01 -8.638648388468888939e+00
-4.533656680907236058e+00 -8.202103915292076330e-02
3.682163639474150596e+00 5.995109666423389605e+00
-2.283613619973892117e+00 -8.760944117546017651e+00
-4.139524296784788504e+00 8.112199498728154268e+00
-5.634729211346349409e+00 -1.037191819310458341e+00
2.108542066337789844e+00 8.922918952608791088e+00
-5.296378702525363025e+00 8.901273290564877261e-01
5.658153305306574676e-01 4.928526126376575611e+00
-5.805454476988757939e+00 -2.643532738427107343e-01
-2.584628567332800220e+00 6.678688830521090303e+00
1.550070369934420489e+00 -4.558690089050219107e+00
-8.455776320166512594e-01 -3.020103736776226899e+00
-7.205767251160308806e-01 4.306811394516709690e+00
-1.642599700667968898e+00 8.048794327622653455e+00
-1.454955410081853140e+00 -1.550599601965273022e+00
2.785161089732115069e+00 3.784529649027857379e-01
5.844756523592840036e-01 3.843538214675257247e+00
9.206930177113857638e+00 3.578606031844230539e+00
-8.839862469485508356e+00 -3.902617358388177582e+00
1.949457463522799250e+00 -5.377262910514834182e+00
9.396983707777877726e+00 8.821293420191755885e+00
7.065581333809113573e+00 -6.331911298960750667e-01
-3.727763136987951587e+00 -8.197431725757791110e-01
4.934507730724675412e+00 -3.631664814861880752e-01
-7.164913906995641568e+00 -3.208940461576953229e+00
-3.413912889495799963e+00 -4.071292969303326181e+00
-6.592408273628910464e+00 -1.781635604199080403e+00
-9.400231328901933470e-01 5.418336460616221650e+00
6.025377732706310496e+00 3.681315043681164245e-01
-6.898303596791210968e-01 5.484600975213811402e+00
7.843342754110036452e+00 3.418704341671632729e+00
6.107144697024612157e+00 8.702556018979587193e+00
-4.371174833921974923e+00 -5.643810671792361955e-01
6.032782855693387347e+00 4.265173589840478563e+00
-6.959484844110798818e+00 3.095294123418788512e+00
-8.517394882747950646e+00 -2.938258488606541707e+00
6.354154720329464823e+00 -1.525574395113109771e+00
